freqs_LO: [5.029662, 5.036271, 5.056176,5.061894, 5.096005, 5.098198, 5.106584, 5.123315, 5.125825, 5.139039,5.149776, 5.150765,5.195144, 5.207892, 5.210026]
amp_LO: 16dBm
att: 20dB
(output in spectrum analyzer: mixer + att)
LSB: -67.85dBm 
RSB: -42.6dBm
LO: -52.63dBm
